-0.0196078
0
0.0196078
0.0392157
0.0588235
0.0784314
0.0980392
0.117647
0.137255
0.156863
0.176471
0.196078
0.215686
0.235294
0.254902
0.27451
0.294118
0.313725
0.333333
0.352941
0.372549
0.392157
0.411765
0.431373
0.45098
0.470588
0.490196
0.509804
0.529412
0.54902
0.568627
0.588235
0.607843
0.627451
0.647059
0.666667
0.686275
0.705882
0.72549
0.745098
0.764706
0.784314
0.803922
0.823529
0.843137
0.862745
0.882353
0.901961
0.921569
0.941176
0.960784
0.980392
1
1.01961
0
2.41832e-10
1.65272e-09
9.44286e-09
5.23006e-08
2.73349e-07
1.29438e-06
5.74162e-06
2.37622e-05
9.05224e-05
0.000318182
0.00103437
0.00313387
0.00889872
0.0231357
0.0553417
0.123142
0.255141
0.487025
0.864591
1.42045
2.16326
3.05234
3.98706
4.83093
5.41282
5.622
5.41486
4.82658
3.98882
3.04733
2.16457
1.4258
0.864547
0.486583
0.253958
0.123187
0.0551419
0.0229974
0.00885281
0.00315073
0.00103986
0.000320744
9.09289e-05
2.34287e-05
5.87608e-06
1.33678e-06
2.64011e-07
5.32691e-08
9.56534e-09
1.54098e-09
2.4651e-10
0
