-0.0123457
0
0.0123457
0.0246914
0.037037
0.0493827
0.0617284
0.0740741
0.0864198
0.0987654
0.111111
0.123457
0.135802
0.148148
0.160494
0.17284
0.185185
0.197531
0.209877
0.222222
0.234568
0.246914
0.259259
0.271605
0.283951
0.296296
0.308642
0.320988
0.333333
0.345679
0.358025
0.37037
0.382716
0.395062
0.407407
0.419753
0.432099
0.444444
0.45679
0.469136
0.481481
0.493827
0.506173
0.518519
0.530864
0.54321
0.555556
0.567901
0.580247
0.592593
0.604938
0.617284
0.62963
0.641975
0.654321
0.666667
0.679012
0.691358
0.703704
0.716049
0.728395
0.740741
0.753086
0.765432
0.777778
0.790123
0.802469
0.814815
0.82716
0.839506
0.851852
0.864198
0.876543
0.888889
0.901235
0.91358
0.925926
0.938272
0.950617
0.962963
0.975309
0.987654
1
1.01235
0
1.55572e-10
5.0473e-10
1.67965e-09
5.16968e-09
1.57328e-08
4.59707e-08
1.33637e-07
3.56178e-07
9.81069e-07
2.59829e-06
6.85614e-06
1.56485e-05
3.75283e-05
8.78311e-05
0.000192409
0.000424997
0.000875303
0.00182592
0.00361893
0.00692492
0.0127874
0.0232595
0.0413483
0.0693992
0.114486
0.184135
0.286758
0.429374
0.630361
0.895449
1.23414
1.64441
2.13004
2.68157
3.2547
3.85816
4.41158
4.91307
5.30232
5.55036
5.63498
5.5546
5.29476
4.91838
4.42101
3.84535
3.26257
2.66975
2.12904
1.64957
1.23327
0.895908
0.629459
0.430347
0.286848
0.184344
0.115246
0.0695435
0.0407858
0.0233117
0.0128995
0.00694822
0.00360701
0.00183749
0.000887079
0.000424295
0.000190446
8.62031e-05
3.82743e-05
1.58484e-05
6.40344e-06
2.57469e-06
1.00723e-06
3.58181e-07
1.29527e-07
4.46889e-08
1.53849e-08
4.8163e-09
1.6607e-09
5.10997e-10
1.52569e-10
0
