-0.0196078
0
0.0196078
0.0392157
0.0588235
0.0784314
0.0980392
0.117647
0.137255
0.156863
0.176471
0.196078
0.215686
0.235294
0.254902
0.27451
0.294118
0.313725
0.333333
0.352941
0.372549
0.392157
0.411765
0.431373
0.45098
0.470588
0.490196
0.509804
0.529412
0.54902
0.568627
0.588235
0.607843
0.627451
0.647059
0.666667
0.686275
0.705882
0.72549
0.745098
0.764706
0.784314
0.803922
0.823529
0.843137
0.862745
0.882353
0.901961
0.921569
0.941176
0.960784
0.980392
1
1.01961
0
2.39522e-10
1.5712e-09
9.33564e-09
5.18246e-08
2.70305e-07
1.29993e-06
5.78463e-06
2.34495e-05
9.03526e-05
0.000319097
0.00103787
0.0031538
0.00881565
0.0228923
0.0551783
0.123092
0.255502
0.487745
0.865347
1.42173
2.16505
3.04987
3.98999
4.82871
5.41212
5.62244
5.41376
4.82254
3.9928
3.05086
2.16605
1.42087
0.863853
0.488073
0.254317
0.123328
0.0554022
0.0229779
0.00882963
0.00316088
0.00103772
0.000318538
9.08013e-05
2.41174e-05
5.72267e-06
1.27862e-06
2.72603e-07
5.19988e-08
9.36115e-09
1.58109e-09
2.39848e-10
0
